param n := 21;
param T := 21;
param V := 10;
param V1 := 8;
param V2 := 9;
param L := 4;


set KS[1] :=
2;
set KS[2] :=
1;
set KS[3] :=
4;
set KS[4] :=
8;

set KS1[1] :=
2
7
10
12
14
17;
set KS1[2] :=
1
3
6
10
13;
set KS1[3] :=
4
6
8
11
14;
set KS1[4] :=
8
10
14
16
19;


set KSY[1] :=
2 1
7 2
10 3
12 12
14 5
17 6;
set KSY[2] :=
1 14
3 17
6 4
10 18
13 19;
set KSY[3] :=
4 13
6 7
8 8
11 9
14 21;
set KSY[4] :=
8 15
10 16
14 10
16 11
19 21;

set DK :=
5
11;

set LN[1] :=
1
2
3
12
5
6;

set LN[2] :=
14
17
4
18
19;

set LN[3] :=
13
7
8
9
21;

set LN[4] :=
15
16
10
11
20;

param tr :=
1 1 0
1 2 5
1 3 8
1 12 10
1 5 12
1 6 15
2 14 0
2 17 2
2 4 5
2 18 9
2 19 12
3 13 0
3 7 2
3 8 4
3 9 7
3 21 10
4 15 0
4 16 2
4 10 6
4 11 8
4 20 11;

set A :=
1 2     #line1
2 3
3 12
12 5
5 6
14 17   #line2
17 4
4 18
18 19
13 7    #line3
7 8
8 9
9 21
15 16   #line4
16 10
10 11
11 20
1 13    #transfer
2 14
2 15
2 17
7 14
9 16
15 9
18 5
19 6
20 6
21 5
13 1
14 2
15 2
17 2
14 7
16 9
9 15
5 18
6 19
6 20
5 21;

set Ai :=
1 13    #transfer
2 14
2 15
2 17
7 14
9 16
15 9
18 5
19 6
20 6
21 5
13 1
14 2
15 2
17 2
14 7
16 9
9 15
5 18
6 19
6 20
5 21;

set OD :=
1 6
2 6
3 6
;
set PP[1,6,1] :=
1
2
3
12
5
6
;
set A1[1,6,1] :=
;
set N1[1,6,1] :=
;
set N2[1,6,1] :=
;
set PP[1,6,2] :=
1
13
7
8
9
21
5
6
;
set A1[1,6,2] :=
1 13
21 5
;
set N1[1,6,2] :=
1
21
;
set N2[1,6,2] :=
13
5
;

set PP[2,6,1] :=
2
3
12
5
6
;
set A1[2,6,1] :=
;
set N1[2,6,1] :=
;
set N2[2,6,1] :=
;
set PP[2,6,2] :=
2
15
9
21
5
6
;
set A1[2,6,2] :=
2 15
15 9
21 5
;
set N1[2,6,2] :=
2
15
21
;
set N2[2,6,2] :=
15
9
5
;
set PP[3,6,1] :=
3
12
5
6
;
set A1[3,6,1] :=
;
set N1[3,6,1] :=
;
set N2[3,6,1] :=
;
set PP[3,6,2] :=
3
12
5
18
19
6
;
set A1[3,6,2] :=
5 18
19 6
;
set N1[3,6,2] :=
5
19
;
set N2[3,6,2] :=
18
6
;

param D :=
1 6 1 1 17
1 6 1 2 28
1 6 1 3 17
1 6 1 4 2
2 6 2 1 17
2 6 2 2 28
2 6 2 3 17
2 6 2 4 2
3 6 3 1 17
3 6 3 2 28
3 6 3 3 17
3 6 3 4 2;

set Y :=
1 6 1
1 11 2
1 14 3
1 16 12
1 18 5
1 21 6
2 11 1
2 16 2
2 19 3
2 21 12
3 4 14
3 6 17
3 9 4
3 13 18
3 16 19
4 11 14
4 13 17
4 16 4
4 20 18
5 2 13
5 4 7
5 6 8
5 9 9
5 12 21
6 7 13
6 9 7
6 11 8
6 14 9
6 17 21
7 5 15
7 7 16
7 11 10
7 13 11
7 16 20
8 11 15
8 13 16
8 17 10
8 19 11;
